Theta, Alpha, Low_beta, High_beta, Gamma
102.519,39.8643,24.3486,16.9461,12.0828,
97.7081,35.1235,17.0954,8.66379,2.78376,
88.9133,30.4575,15.3893,7.28016,2.11289,
100.338,37.9268,16.5125,8.07455,2.64833,
90.551,37.3232,22.4876,15.6225,11.8239,
8.96987,2.04169,0.459001,0.695309,0.298366,
9.32305,2.15366,1.02165,0.702391,0.338762,
0.68355,0.2229,0.333658,0.756373,0.379428,
3.11463,1.74644,0.39813,0.539304,0.417093,
2.01307,0.604353,0.742258,0.201831,0.0958001,
8.04991,1.94268,0.469664,0.63413,0.282825,
6.49519,1.8527,0.995292,0.684221,0.361283,
0.65674,0.220908,0.317496,0.795566,0.392533,
2.38343,1.6521,0.431083,0.527776,0.395016,
1.75005,0.557996,0.722562,0.214128,0.0971475,
6.69044,1.79712,0.480403,0.554287,0.261132,
4.11543,1.74296,0.950607,0.689845,0.38938,
0.617789,0.232782,0.278734,0.833201,0.403391,
1.84718,1.73647,0.474367,0.536866,0.37465,
1.48671,0.495848,0.652852,0.220172,0.0978056,
5.33797,1.64088,0.499163,0.475387,0.236736,
2.19176,1.73286,0.878113,0.71876,0.416591,
0.564203,0.260281,0.233656,0.877528,0.414701,
1.53717,1.90884,0.483247,0.56852,0.356576,
1.3071,0.428397,0.539726,0.212614,0.0970747,
4.12543,1.50387,0.511135,0.414761,0.215075,
1.20107,1.83873,0.787847,0.761572,0.434561,
0.517077,0.308265,0.186239,0.932547,0.426387,
1.28431,2.10765,0.530419,0.615581,0.344983,
1.15137,0.363046,0.413443,0.193004,0.0934658,
3.19403,1.38716,0.518162,0.378582,0.197764,
0.937876,2.00386,0.673552,0.793111,0.440175,
0.470727,0.378195,0.141561,0.987145,0.438956,
1.27004,2.31119,0.580747,0.681394,0.343671,
1.16414,0.326087,0.297845,0.16866,0.0888897,
3.19403,1.38716,0.518162,0.378582,0.197764,
0.937876,2.00386,0.673552,0.793111,0.440175,
0.470727,0.378195,0.141561,0.987145,0.438956,
1.37958,2.48606,0.692875,0.748354,0.351997,
1.24238,0.333399,0.217767,0.143651,0.0844318,
2.48773,1.30752,0.509681,0.357959,0.187379,
1.19674,2.17049,0.576224,0.794331,0.426559,
0.429853,0.456531,0.103524,1.02311,0.447584,
1.37958,2.48606,0.692875,0.748354,0.351997,
1.24238,0.333399,0.217767,0.143651,0.0844318,
2.03088,1.29091,0.478044,0.350999,0.184035,
1.78804,2.35604,0.509315,0.762664,0.399271,
0.41207,0.551469,0.0750965,1.03263,0.451017,
1.7718,2.63725,0.819639,0.813255,0.367639,
1.61245,0.629695,0.172672,0.113502,0.0765106,
1.83136,1.307,0.438905,0.342745,0.184619,
2.49545,2.50122,0.48234,0.702608,0.359414,
0.41258,0.657647,0.0700814,1.0175,0.441374,
2.65222,2.84471,0.998547,0.862817,0.403776,
1.77426,0.940388,0.188162,0.107394,0.0736072,
1.85598,1.38729,0.403771,0.332463,0.188521,
3.14596,2.61616,0.519762,0.635212,0.315698,
0.469433,0.759313,0.0828602,0.989474,0.420689,
2.65222,2.84471,0.998547,0.862817,0.403776,
1.77426,0.940388,0.188162,0.107394,0.0736072,
2.2586,1.50501,0.391523,0.321091,0.192744,
3.64252,2.66646,0.578658,0.584956,0.273898,
0.59806,0.850246,0.112275,0.96139,0.39361,
3.08779,2.8563,0.986859,0.850928,0.421746,
1.88538,1.31586,0.211711,0.105443,0.0716343,
3.00385,1.61239,0.411906,0.314265,0.195336,
3.84871,2.61029,0.656647,0.556517,0.246183,
0.768405,0.915504,0.145008,0.939172,0.364773,
3.33547,2.72662,0.923272,0.829814,0.44267,
1.84722,1.6911,0.237755,0.108219,0.0705897,
3.9901,1.69411,0.452347,0.318383,0.195528,
3.81674,2.42868,0.746461,0.56363,0.239487,
0.928014,0.946605,0.179393,0.911402,0.343089,
3.41005,2.51799,0.861499,0.831483,0.468305,
1.74123,1.99151,0.255991,0.111962,0.071477,
4.9335,1.73957,0.503844,0.34074,0.193361,
3.58926,2.12779,0.846746,0.603271,0.252491,
1.02298,0.940752,0.206169,0.869351,0.329399,
3.30356,2.25096,0.883423,0.84773,0.494314,
1.55515,2.22819,0.280588,0.116642,0.0741221,
5.65796,1.80969,0.534684,0.384728,0.189421,
3.29013,1.77526,0.930998,0.666948,0.276197,
1.03221,0.901636,0.223346,0.820287,0.324357,
3.15709,2.11186,1.00028,0.881561,0.513597,
1.34444,2.42083,0.307656,0.121557,0.0779656,
6.00579,1.94908,0.546905,0.449722,0.18471,
3.05541,1.50801,0.996602,0.736773,0.30326,
0.935727,0.839615,0.227175,0.776447,0.321018,
3.05517,2.24745,1.19481,0.911273,0.519907,
1.1479,2.62818,0.360534,0.12856,0.0811308,
5.98904,2.16829,0.525665,0.527275,0.182456,
2.95207,1.38859,1.03654,0.795894,0.322401,
0.806836,0.776139,0.222421,0.768911,0.319521,
3.08646,2.75528,1.39853,0.929232,0.510929,
0.995107,2.8523,0.431933,0.137374,0.0819339,
5.74166,2.42726,0.47956,0.602035,0.183754,
3.09043,1.43788,1.0215,0.832688,0.328342,
0.70019,0.722583,0.210267,0.816012,0.314896,
3.20685,3.54747,1.52045,0.947641,0.49206,
0.880711,3.04726,0.499897,0.148792,0.0812379,
5.74166,2.42726,0.47956,0.602035,0.183754,
3.09043,1.43788,1.0215,0.832688,0.328342,
0.70019,0.722583,0.210267,0.816012,0.314896,
3.20685,3.54747,1.52045,0.947641,0.49206,
0.880711,3.04726,0.499897,0.148792,0.0812379,
5.32055,2.64697,0.41333,0.657878,0.195217,
3.3435,1.65094,0.974656,0.849326,0.320759,
0.652721,0.687655,0.196344,0.904961,0.304034,
3.27907,4.42456,1.49575,0.961598,0.469331,
0.755738,3.16507,0.559983,0.163072,0.0816813,
4.9405,2.71662,0.358556,0.685341,0.221758,
3.70803,1.9093,0.917855,0.854195,0.307242,
0.667601,0.664583,0.17771,0.999458,0.287586,
3.27861,5.15028,1.35773,1.00009,0.449875,
0.661848,3.14161,0.582829,0.175005,0.0857601,
4.60387,2.62649,0.3138,0.674558,0.265292,
4.16477,2.14842,0.813419,0.85447,0.297463,
0.724955,0.6326,0.159977,1.06372,0.270354,
3.12583,5.57656,1.11925,1.0507,0.440779,
0.559418,2.94916,0.549575,0.183464,0.0963286,
4.26071,2.459,0.311756,0.627783,0.320257,
4.54659,2.37758,0.741983,0.868024,0.29883,
0.757217,0.584362,0.14391,1.07394,0.256583,
2.8223,5.66804,0.882783,1.11084,0.445187,
0.474392,2.64408,0.488342,0.190993,0.11316,
4.08648,2.34945,0.373827,0.567723,0.375611,
4.9916,2.57352,0.703212,0.898794,0.311698,
0.768342,0.520238,0.14128,1.05009,0.251879,
2.5454,5.47627,0.688427,1.15702,0.459901,
0.433945,2.2801,0.393519,0.199346,0.133077,
3.97259,2.37098,0.468275,0.502585,0.412254,
5.39408,2.72287,0.713237,0.922778,0.333164,
0.727735,0.450719,0.146448,0.998936,0.257159,
2.27775,5.11144,0.608566,1.16713,0.478184,
0.449394,1.92693,0.309027,0.212051,0.151029,
3.87386,2.51259,0.580926,0.457794,0.419908,
5.74663,2.78091,0.759376,0.926558,0.353319,
0.674596,0.38499,0.159011,0.936383,0.269921,
2.21005,4.62627,0.611474,1.12952,0.489103,
0.533478,1.58861,0.238071,0.227397,0.162375,
3.75884,2.62976,0.659637,0.442028,0.393884,
6.0021,2.68528,0.814671,0.900389,0.368253,
0.61407,0.333885,0.185768,0.869841,0.283914,
2.29121,4.04853,0.696021,1.07621,0.492363,
0.649179,1.28386,0.191933,0.244236,0.165334,
3.4939,2.62545,0.696927,0.454796,0.345646,
6.01662,2.43139,0.855792,0.840704,0.375064,
0.603073,0.295339,0.206328,0.794609,0.290394,
2.46906,3.44906,0.816709,1.03497,0.475248,
0.734305,1.03276,0.171642,0.25612,0.161324,
3.00767,2.42791,0.675662,0.483761,0.294244,
5.73999,2.08862,0.856246,0.760261,0.37245,
0.597282,0.260448,0.221794,0.71861,0.286454,
2.62387,2.91635,0.944534,1.05119,0.446743,
0.802423,0.893474,0.175175,0.25794,0.154537,
2.38563,2.09815,0.627811,0.521695,0.257603,
5.06603,1.74888,0.824737,0.688309,0.3764,
0.632366,0.216333,0.222422,0.656508,0.27353,
2.72049,2.65773,1.05359,1.13857,0.41046,
0.845583,0.899943,0.205633,0.247616,0.149207,
1.82966,1.76615,0.602822,0.563181,0.246147,
4.37695,1.63715,0.78305,0.653965,0.393195,
0.657216,0.180556,0.210768,0.624718,0.259183,
2.77865,2.81827,1.06759,1.28807,0.388083,
0.89647,1.00871,0.257932,0.226978,0.146823,
1.66698,1.61695,0.560233,0.589405,0.254208,
4.17474,1.97521,0.705736,0.654844,0.412844,
0.659245,0.146385,0.19787,0.631508,0.255002,
2.99572,3.666,1.0047,1.48217,0.386662,
0.979836,1.17167,0.315192,0.202479,0.146152,
2.18022,1.73913,0.581271,0.612238,0.27249,
4.99324,2.89602,0.697351,0.711638,0.440271,
0.624457,0.117492,0.17949,0.674854,0.264119,
3.46615,5.33649,0.897467,1.68701,0.412456,
1.08136,1.29056,0.374636,0.179353,0.143745,
4.09186,2.20626,0.640997,0.635786,0.289902,
8.47787,4.59997,0.686063,0.79131,0.457462,
0.558583,0.0889424,0.177795,0.739382,0.2859,
4.24136,7.76747,0.784975,1.85799,0.4525,
1.17715,1.3218,0.417937,0.166175,0.136603,
7.65465,2.88249,0.708727,0.664572,0.301955,
15.4329,6.85346,0.724698,0.893173,0.463931,
0.499504,0.0755457,0.190895,0.800654,0.313209,
5.14836,10.4936,0.696674,1.94969,0.496127,
1.24744,1.26329,0.44595,0.163539,0.124615,
7.65465,2.88249,0.708727,0.664572,0.301955,
15.4329,6.85346,0.724698,0.893173,0.463931,
0.45945,0.0792314,0.224945,0.837772,0.343606,
5.99142,12.8933,0.641121,1.93119,0.528575,
1.29595,1.15566,0.462776,0.171419,0.110486,
12.4392,3.53306,0.73704,0.694212,0.308841,
25.3472,9.27989,0.729628,0.98734,0.459553,
0.45945,0.0792314,0.224945,0.837772,0.343606,
5.99142,12.8933,0.641121,1.93119,0.528575,
1.29595,1.15566,0.462776,0.171419,0.110486,
17.446,3.95224,0.738,0.721788,0.313289,
36.3468,11.2409,0.735892,1.04913,0.448655,
0.469744,0.0956768,0.265854,0.845644,0.364735,
6.58557,14.2358,0.645465,1.81501,0.542089,
1.32094,1.06162,0.468394,0.187101,0.0993407,
21.3617,3.93652,0.686269,0.7313,0.317506,
45.4253,12.133,0.686059,1.05559,0.432535,
0.521041,0.126168,0.299049,0.831965,0.376473,
6.78307,14.1936,0.662646,1.63132,0.534214,
1.30102,1.02199,0.459354,0.210461,0.0956706,
22.7922,3.48764,0.637772,0.718122,0.318834,
49.4882,11.6209,0.656576,1.00565,0.409116,
0.583154,0.169412,0.318397,0.813121,0.383571,
6.5763,12.8406,0.695558,1.42629,0.505599,
1.26895,1.04356,0.439883,0.22892,0.100148,
21.3799,2.73499,0.618926,0.688475,0.313704,
47.2499,9.90498,0.6711,0.902849,0.383537,
0.63201,0.218797,0.312905,0.801698,0.394492,
6.09619,10.7006,0.726194,1.23994,0.468246,
1.1479,1.0827,0.41065,0.247134,0.112779,
17.7094,1.85644,0.65943,0.652909,0.301467,
39.9366,7.41784,0.763987,0.779471,0.358683,
0.640779,0.268453,0.28874,0.804832,0.419923,
5.723,8.4362,0.802289,1.08733,0.430716,
1.00076,1.12654,0.368366,0.262895,0.129837,
13.0119,1.20289,0.76606,0.62307,0.28859,
30.1461,5.08367,0.938224,0.656053,0.340202,
0.613403,0.337348,0.253231,0.814359,0.465629,
5.70451,6.68792,0.908579,0.984569,0.403701,
0.839746,1.15538,0.323731,0.27839,0.14771,
8.89809,0.973694,0.915525,0.608614,0.291729,
21.2241,3.61285,1.17606,0.561789,0.346084,
0.557841,0.420985,0.229003,0.83305,0.523339,
6.14641,5.77517,1.05977,0.909481,0.396585,
0.732896,1.19558,0.273563,0.290326,0.163386,
